# waypoints.yaml
A:            [0.347674906879488,   0.3379549821584122,   1.0,     0.0] # 적재받는곳
B:            [-1.085676742242728,  0.3379549821584122,   -0.7071, 0.7071] # 분류하는 곳 앞 대기
C:            [-1.085676742242728,  -0.20277116736966064, 0.7071,  0.7071] # 분류하는 곳
D:            [-1.085676742242728,  -0.03009513345987024, 0.0,     1.0] # 분류 후 탈출
E:            [0.347674906879488,   -0.03009513345987024, 0.7071,  0.7071] # 적재 앞 대기
E':           [-0.6474249737148451,  -0.03009513345987024, 0.0,     1.0] # waffle 시작시 나오는 곳